0,478
0,472
135,4
135,3
135,2
135,1
135,0
134,4
134,3
134,2
134,1
134,0
0,273
0,270
133,3
133,2
133,1
133,0
0,278
132,3
132,2
132,1
132,0
131,3
131,2
131,1
131,0
130,3
130,2
130,1
130,0
129,3
129,2
0,9
129,1
129,0
3,2
3,1
3,3
10,206
10,81
10,156
10,242
10,280
10,305
10,239
10,31
11,8
11,20
11,28
11,6
11,25
11,5
9,5
8,9
8,7
8,10
8,2
8,3
20,3
20,2
20,1
19,3
19,2
19,1
12,3
12,2
12,1
11,30
11,29
11,24
11,23
11,22
11,18
11,17
11,16
11,15
11,14
11,3
11,2
11,1
10,310
10,306
10,266
10,250
10,234
18,1
10,204
10,203
18,3
10,192
10,167
14,1
10,158
14,3
13,1
10,132
10,131
13,3
10,129
10,120
10,113
